# Primary reference:
#   Reppert and Tokmakoff, J. Chem. Phys. 143, 061102 (2015)
# Secondary references (Transition dipole and coupling models):
#    Jansen and Knoester J. Chem. Phys. 124, 044502 (2006)
#    Jansen et al. J Chem Phys 125, 044312 (2006)
# See README.txt file for further details.



FREQ: 1709.1

PROSHIFT: -31.5

SITES: 1
O

SHIFT: 
0.0, 2629.9, 0.0, 0.0, 0.0, 0.0, 0.0, 0.0, 0.0, 0.0

EXCLUDE: 12
C
O
N
H
N-CA
C-CA
N-CD
N-CD-HD1
N-CD-HD2
N-CD-CG
N-CD-CG-HG1
N-CD-CH-HG2

DIP: 0.242141 -0.085961 0.0

COUPLING: tcc

COUPSITES: 6
C-CA 
C
O
N
H
N-CA

NUX: 
0.0
-0.231622444056777
0.144102050032917
0.0206258253432028
0.0203470979737001
0.0

NUY:
0.0
0.0292663737977878
-0.0131001863666288
-0.0100341853020987
-0.0370707401438645
0.0

NUZ:
0.0
0.0
0.0
0.0
0.0
0.0

Q:
0.11072
0.37173
-0.53632
-0.48418
0.24278
0.29527

DQ: 
0.165604207569485
-0.282460413989918
-0.151903140036758
0.172355458237785
0.000794264784505922
0.0956096234349003



NNC: 13 13
6.33,5.65,4.33,2.6,0.25,-1.22,-1.95,-1.22,0.25,2.6,4.33,5.65,6.33
5.95,4.67,3.46,2.19,0.51,-0.28,-0.65,-0.65,0.9,3.45,4.97,6.08,5.95
4.85,5.02,5.62,5.16,3.31,2.4,0.77,-0.36,0.03,1.79,3.56,4.71,4.85
5.67,8.65,10.43,10.53,8.56,4.46,0.65,-2.71,-4.27,-2.94,0.14,2.9,5.67
9.6,13.25,15.72,15.33,9.37,2.33,-3.9,-7.32,-8.65,-6.72,-1.7,4.38,9.6
13.97,18.31,18.49,11.11,3.68,-5.56,-10.82,-12.31,-11.37,-5.92,2.18,9.13,13.97
21.43,15.14,9.21,2.55,-7.4,-12.7,-14.53,-12.7,-7.4,2.55,9.21,15.14,21.43
13.97,9.13,2.18,-5.92,-11.37,-12.31,-10.82,-5.56,3.68,11.11,18.49,18.31,13.97
9.6,4.38,-1.7,-6.72,-8.65,-7.32,-3.9,2.33,9.37,15.33,15.72,13.25,9.6
5.67,2.9,0.14,-2.94,-4.27,-2.71,0.65,4.46,8.56,10.53,10.43,8.65,5.67
4.85,4.71,3.56,1.79,0.03,-0.36,0.77,2.4,3.31,5.16,5.62,5.02,4.85
5.95,6.08,4.97,3.45,0.9,-0.65,-0.65,-0.28,0.51,2.19,3.46,4.67,5.95
6.33,5.65,4.33,2.6,0.25,-1.22,-1.95,-1.22,0.25,2.6,4.33,5.65,6.33

