# Primary Reference: Jansen & Knoester J Chem Phys 124, 044502 (2006)
# Secondary reference:
#   Through-Bond Interactions:	Jansen et al. J Chem Phys 125, 044312 (2006)

SITES: 4
C
O
N
H

# NB: An overall 15 cm-1 redshift for the OPLS-AA force field has already been
# applied! Values for this shift vary somewhat in the literature. See e.g. 
# [Roy et al. JCP 135, 234507 (2011)]. 
FREQ: 1702

PROSHIFT: -60.0

DIP: 0.242141 -0.085961 0.0

SHIFT:
0.0, 2188.0,    171.0,    0.0, 0.0, -3953.9,    0.0, 0.0, 0.0,   -90.0
0.0,  990.0,    898.3,    0.0, 0.0,  -469.4,    0.0, 0.0, 0.0,   433.6
0.0,  470.3,   -805.1,    0.0, 0.0, -4141.1,    0.0, 0.0, 0.0, -1070.9
0.0,  230.2,  -1854.8,    0.0, 0.0, -2049.4,    0.0, 0.0, 0.0,  -454.8

DIPX:
0.0,   -0.381,   -0.077,  0.0, 0.0,    -0.182,  0.0, 0.0, 0.0,     0.104
0.0,   -1.177,    0.119,  0.0, 0.0,    -0.110,  0.0, 0.0, 0.0,    -0.360
0.0,   -0.087,    0.431,  0.0, 0.0,     0.618,  0.0, 0.0, 0.0,     0.081
0.0,   -0.045,    0.061,  0.0, 0.0,    -0.143,  0.0, 0.0, 0.0,    -0.181

DIPY:
0.0,    0.296,   -0.585,  0.0, 0.0,    -0.539,  0.0, 0.0, 0.0,     0.379
0.0,    0.344,    0.003,  0.0, 0.0,    -0.479,  0.0, 0.0, 0.0,     0.146
0.0,   -0.232,   -1.113,  0.0, 0.0,     1.670,  0.0, 0.0, 0.0,    -0.029
0.0,    0.183,    1.168,  0.0, 0.0,     1.249,  0.0, 0.0, 0.0,    -0.017

EXCLUDE: 72
C
O
N
H
N-CA
N-CA-HA
N-CA-C
N-CA-C-O
N-CA-C-N
N-CA-C-N-H
N-CA-C-N-H1
N-CA-C-N-H2
N-CA-C-N-CA
N-CA-C-N-CA-HA
N-CA-C-OT1
N-CA-C-OT2
N-CA-C-OT2-HT2
N-CA-C-OT
N-CA-C-O-HO
C-CA
C-CA-HA
C-CA-N
C-CA-N-H
C-CA-N-H1
C-CA-N-H2
C-CA-N-H3
C-CA-N-C
C-CA-N-C-O
C-CA-N-C-CA
C-CA-N-C-CA-HA
C-CA-N-C-CA-HA1
C-CA-N-C-CA-HA2
N-CA-HA1
N-CA-HA2
N-CA-C-N-CA-HA1
N-CA-C-N-CA-HA2
C-CA-HA1
C-CA-HA2
CD-HD1
CD-HD2
CD-CG
CD-CG-HG1
CD-CG-HG2
CD-CG-CB
CD-CG-CB-HB1
CD-CG-CB-HB2
N-CA-C-N-CD
N-CA-C-N-CD-HD1
N-CA-C-N-CD-HD2
N-CA-C-N-CD-CG
N-CA-C-N-CD-CG-HG1
N-CA-C-N-CD-CG-HG2
N-CA-C-N-CD-CG-CB
N-CA-C-N-CD-CG-CB-HB1
N-CA-C-N-CD-CG-CB-HB2
C-CA-N-CD
C-CA-N-CD-HD1
C-CA-N-CD-HD2
C-CA-N-CD-CG
C-CA-N-CD-CG-HG1
C-CA-N-CD-CG-HG2
C-CA-N-CD-CG-CB
C-CA-N-CD-CG-CB-HB1
C-CA-N-CD-CG-CB-HB2
C-CH3
C-CH3-HH31
C-CH3-HH32
C-CH3-HH33
N-CH3
N-CH3-HH31
N-CH3-HH32
N-CH3-HH33


COUPLING: tcc

COUPSITES: 6
C-CA 
C
O
N
H
N-CA

NUX: 
0.0
-0.231622444056777
0.144102050032917
0.0206258253432028
0.0203470979737001
0.0

NUY:
0.0
0.0292663737977878
-0.0131001863666288
-0.0100341853020987
-0.0370707401438645
0.0

NUZ:
0.0
0.0
0.0
0.0
0.0
0.0

Q:
0.11072
0.37173
-0.53632
-0.48418
0.24278
0.29527

DQ: 
0.165604207569485
-0.282460413989918
-0.151903140036758
0.172355458237785
0.000794264784505922
0.0956096234349003

NNFSN: 13 13
0.4,-1.89,-3.39,-0.07,6.13,10.25,-7.08,10.25,6.13,-0.07,-3.39,-1.89,0.4
-1.21,-1.14,-0.12,8.42,14.36,3.64,7.82,5.74,2.54,-1.27,-4.09,-2.6,-1.21
0.79,5.76,9.39,13.63,15.44,9.43,6.37,3.12,-7,0.78,-3.65,-3,0.79
13.54,14.64,14.21,15.85,17.5,13.4,5.06,4.32,4.03,6.69,1.67,4.74,13.54
22.54,24,22.02,21.41,21.39,13.18,1.33,-3.44,-4.94,-0.87,4.89,13.09,22.54
28.55,34.82,30.93,21.01,17.71,-0.08,-4.59,-7.17,-8.09,-0.08,11.72,17.68,28.55
50.55,24.31,14.22,14.83,-2.3,-7.13,-5.55,-7.13,-2.3,14.83,14.22,24.31,50.55
27.55,17.68,11.72,-0.08,-8.09,-7.17,-4.59,-0.08,17.71,21.01,30.93,34.82,28.55
22.54,13.09,4.89,-0.87,-4.94,-3.44,1.33,13.18,21.39,21.41,22.02,24,22.54
13.54,4.74,1.67,6.69,4.03,4.32,5.06,13.4,17.5,15.85,14.21,14.64,13.54
0.79,-3,-3.65,0.78,-7,3.12,6.37,9.43,15.44,13.63,9.39,5.76,0.79
-1.21,-2.6,-4.09,-1.27,2.54,5.74,7.82,3.64,14.36,8.42,-0.12,-1.14,-1.21
0.4,-1.89,-3.39,-0.07,6.13,10.25,-7.08,10.25,6.13,-0.07,-3.39,-1.89,0.4

NNFSC: 13 13
-13.41,-10.73,-4.91,-0.7,3.46,10.29,1.79,10.29,3.46,-0.7,-4.91,-10.73,-13.41
-9.26,-3.8,0.21,-0.63,2.48,16.77,15.05,9.66,1.87,-4.08,-8.98,-11.61,-9.26
-0.18,3.85,4.51,6.91,7.74,16.81,12.96,5.21,2.84,-10.22,-8.5,-5.28,-0.18
8.54,14.15,16.74,16.21,15.21,13.98,6.89,-13.22,-27.85,-22.95,-8.26,1.67,8.54
17.98,26.87,31.16,24.96,13.5,7.76,-11.36,-28.23,-30.51,-20.48,-5.8,5.86,17.98
30.35,41.93,35.85,20.72,9.58,-6.11,-22.8,-25.89,-22.26,-4.8,5.59,16.28,30.35
48.44,34.99,19.17,10.34,-4.4,-18.81,-22.2,-18.81,-4.4,10.34,19.17,34.99,48.44
30.35,16.28,5.59,-4.8,-22.26,-25.89,-22.8,-6.11,9.58,20.72,35.85,41.93,30.35
17.98,5.86,-5.8,-20.48,-30.51,-28.23,-11.36,7.76,13.5,24.96,31.16,26.87,17.98
8.54,1.67,-8.26,-22.95,-27.85,-13.22,6.89,13.98,15.21,16.21,16.74,14.15,8.54
-0.18,-5.28,-8.5,-10.22,2.84,5.21,12.96,16.81,7.74,6.91,4.51,3.85,-0.18
-9.26,-11.61,-8.98,-4.08,1.87,9.66,15.05,16.77,2.48,-0.63,0.21,-3.8,-9.26
-13.41,-10.73,-4.91,-0.7,3.46,10.29,1.79,10.29,3.46,-0.7,-4.91,-10.73,-13.41

NNC: 13 13
6.33,5.65,4.33,2.6,0.25,-1.22,-1.95,-1.22,0.25,2.6,4.33,5.65,6.33
5.95,4.67,3.46,2.19,0.51,-0.28,-0.65,-0.65,0.9,3.45,4.97,6.08,5.95
4.85,5.02,5.62,5.16,3.31,2.4,0.77,-0.36,0.03,1.79,3.56,4.71,4.85
5.67,8.65,10.43,10.53,8.56,4.46,0.65,-2.71,-4.27,-2.94,0.14,2.9,5.67
9.6,13.25,15.72,15.33,9.37,2.33,-3.9,-7.32,-8.65,-6.72,-1.7,4.38,9.6
13.97,18.31,18.49,11.11,3.68,-5.56,-10.82,-12.31,-11.37,-5.92,2.18,9.13,13.97
21.43,15.14,9.21,2.55,-7.4,-12.7,-14.53,-12.7,-7.4,2.55,9.21,15.14,21.43
13.97,9.13,2.18,-5.92,-11.37,-12.31,-10.82,-5.56,3.68,11.11,18.49,18.31,13.97
9.6,4.38,-1.7,-6.72,-8.65,-7.32,-3.9,2.33,9.37,15.33,15.72,13.25,9.6
5.67,2.9,0.14,-2.94,-4.27,-2.71,0.65,4.46,8.56,10.53,10.43,8.65,5.67
4.85,4.71,3.56,1.79,0.03,-0.36,0.77,2.4,3.31,5.16,5.62,5.02,4.85
5.95,6.08,4.97,3.45,0.9,-0.65,-0.65,-0.28,0.51,2.19,3.46,4.67,5.95
6.33,5.65,4.33,2.6,0.25,-1.22,-1.95,-1.22,0.25,2.6,4.33,5.65,6.33


